10008033
100119363
100138633
100296231
100304669
100511449
100564149
100614979
100800789
101045829
101045841
101045843
101045845
101045861
101090959
101128725
101134095
101256249
101642233
101657487
101725487
101774677
101873241
101877921
101880001
101994895
102081875
102085069
102103729
10214917
102318087
102348965
102428203
102557607
102702001
102702003
102702011
102720727
102847753
102848385
102923733
103061723
103323257
103331837
103366341
103393097
103500849
103524523
103571749
103779471
103996873
104047191
104057285
104109517
104250205
104333481
104387009
104390891
104509603
104555443
104726343
104784823
105349099
105370665
105405331
105414635
105432251
105606749
105620249
105632793
105927431
106327463
106448007
106521063
106559593
106682655
106764003
106787519
106942191
107095147
10714265
107202575
107240979
107248595
107355419
107464447
107592021
107889207
107995079
108257191
108311711
108521767
108558725
108582519
108608437
108741045
108804521
108892867
108909411
109008153
109052737
109053455
109080673
109435033
109579707
1098470
110204731
110303471
110521289
110521307
110554365
110577543
110577571
110844627
111088141
111295973
111452809
111520143
111631309
111644339
111653601
111956453
111965485
112222343
112224391
112334769
112372961
112490919
11257687
112614211
112622527
112718139
112756235
112955365
112978665
113074309
113307595
113397195
113685229
113685237
113714999
113869805
114311297
114735523
114988049
115000485
115004381
115132585
115153381
115262519
115265777
115364421
11560107
115738889
115788863
11586788
115969753
115969761
116276529
116679001
116738719
116787595
116855995
11715100
117172593
117237321
117407469
117539377
117840295
117982025
118070649
118167555
118190593
118451787
118562565
118732355
118736609
11882268
118875295
118909665
118984069
119144089
119236489
119404195
11944358
119556533
119741467
119923653
120027231
120240077
120376409
120403413
120508985
120537785
120630313
121003303
121305901
121329269
12133135
121354347
121405713
121648807
121729515
121885415
121950037
122054463
122188813
122685035
122983071
122996125
12310783
123163915
123243233
123490855
123659919
123752483
123885405
123945369
123958693
124088043
124142097
12438972
124645769
124883217
125073635
125089015
125091021
125189287
125337907
125367121
125416969
125461419
125508817
125710973
12572858
12573728
125773665
125800855
125847449
125880411
125887133
126193343
12640940
126843921
126935925
126983211
127101315
127164313
127351337
127354113
12744928
12745264
127513289
127537903
127725085
127949839
128058737
128248009
128586635
128603957
128684227
12889652
128927561
129018521
129562553
129562649
129583481
129707691
129909287
129969435
130324303
130490963
130697931
130804733
130804741
130918509
130933157
130975109
131224405
13122661
131522563
131549811
131733177
131761811
131763065
131858515
131962449
13198149
132019553
132443795
132516877
132926087
132961459
132966293
132966315
133408947
133483263
133534257
133559551
133751355
133853397
134051953
13407843
134152619
134347735
13457679
13460447
134664485
134691179
134883449
134981011
135540277
135713689
135727689
135816865
135899213
136024281
136819721
137160637
137168623
137451561
137467445
137718391
13795297
138259635
138428569
138479305
138539825
138630641
138630663
138825901
138996699
139134973
139199657
139206387
139222519
139227195
139264293
139353587
139418057
139443317
139642659
1397032
139895725
139936001
140207239
140376349
140465731
14050003
140534789
14056155
140571343
140609901
140641995
14080571
140859921
141027199
141089087
141274979
1413032
141405449
141685453
141976275
142006697
142036433
142090457
142111835
142121381
142147371
142296943
142501513
142509927
142644615
142652311
142708415
142820657
143174263
143302721
143536343
143561773
143680429
14373525
143883375
144028673
144101943
144162891
144259043
144532495
144572453
144601297
144637215
144690315
144900703
144906203
145099165
145377363
145424415
145836317
146193073
146206111
146238285
146318557
146545667
146647217
146699361
146725083
146845807
146873727
14697493
147071725
147497591
147731525
147815845
14783991
14784011
147859825
147962387
147967459
148272665
148317837
148492611
148510921
148566327
148600645
148606255
148719575
148763701
148916923
148926089
148967367
149154489
149181813
149253409
149356933
149377969
149414405
149511635
149549657
149629409
149637113
149709855
149783553
149814707
149843175
149984597
150013989
150143059
150162931
150176907
150269497
150604495
150787205
150829967
150932633
151042113
151089261
151320389
151336783
151399145
151437191
151468933
151496915
151585873
151637101
151893863
151919169
152002207
152043135
152335887
152488769
152515101
152517145
152518851
152529079
152590057
152694123
152736123
152747373
152848285
152943069
153073791
153122689
153130515
153163735
153230019
153526215
153536819
153545669
153545673
153554417
153696677
153787959
154193251
154667361
154685605
154721501
154724081
154751807
154957159
155004325
155101139
155130165
155152845
155354569
155516159
155879847
155889851
155893599
155972119
156181747
156196707
156207053
156229547
156238257
156382041
156436661
156742709
156742713
156783915
156787485
156828051
156843113
156853887
156886617
156888457
156961829
15699037
157435447
157538597
157635093
157743169
157839967
157957591
158007739
158112965
15816953
158233061
158311801
158519845
158541839
158542887
158586215
158589109
158704569
158999913
159113799
159297551
159352565
159363039
159405425
159433591
159489473
159577913
159623589
159661343
159683111
159754303
159773401
159800433
159958893
160283385
160295565
16032251
16064251
160796515
160812295
160885677
160986589
161159941
1613754
161480145
161717637
161717651
161894099
16194535
162079807
162232129
162276575
162357207
162417689
162497199
162554691
162603153
162643523
162672699
162681235
162836859
162902131
162934615
163021673
1632300
163239845
163286889
163572035
163823235
163951607
164288643
164504349
164546471
164627409
164634961
164740535
164751875
164909305
164924523
164964457
164979787
165092293
165465501
165622229
165712609
165785
165884107
166188657
166459247
166460813
166562723
166562803
166653311
166814475
167027567
167072761
167081445
167169237
167232999
167235519
167378883
167555347
167602043
167823391
167903199
167937999
167954171
167969133
16804100
168186973
168190391
168376345
168429215
168736791
16881162
168927799
168970371
169174203
169182663
169312511
169435885
169550369
169679941
170138445
170299909
17031064
170515251
170520219
170524343
170692845
171047809
171217921
171363333
171440253
171631591
171807099
171814409
171895187
172079359
172111109
172235329
172270169
172425145
172520103
172549967
172657127
172936487
172943873
173028819
173058957
173234617
173402839
173487259
173790227
173955251
173988543
174477077
174656809
175350925
175547847
175575799
175580067
175771641
17587870
17589938
175976375
175976809
176047301
176355385
176378785
176510383
176547621
176752979
176822975
176824007
176875919
176914925
176917747
177020807
177020813
177088745
177241705
177392981
177529009
177659745
177661219
177799301
177823203
178061649
178181211
178369941
17837716
17842936
178565759
178575271
178591081
178604961
178662949
178715595
178851459
179065325
179256567
179467313
17949254
179504425
179708293
179717265
179895437
180108321
180109317
180163595
180580699
181016049
181899091
182066877
182200373
182349397
182459605
182492325
182517419
182718831
183228907
183476019
183508701
183681775
183758711
183765061
184091001
184122457
184154371
184312211
184328311
184406361
184406367
184439113
184457433
185017835
185104937
185221425
185222211
185281125
18541565
185492809
185632955
185675233
185762309
185764369
185826591
185844011
186167819
186167823
186308411
186527005
186600115
186721825
186735671
186841353
186886715
186897467
186903951
186997707
187125513
187161707
187168157
187169965
187519209
187561891
187609815
187896323
187989563
188008387
188069915
188140497
188144965
188262215
188287873
188305225
188305229
18843097
18843115
18843121
188482045
188608889
188665723
188749313
188759223
188779759
188786903
188857981
189047001
189055843
189072353
189085771
189366231
189409689
189481447
189561475
189663495
189792681
189826773
189918009
190147713
190259153
190381985
190416693
190422273
190469569
190834649
190852139
191208565
191228679
191287585
191327385
19136409
191434467
191606439
191639037
191777053
191972129
192005945
192049947
192071873
192261279
192305507
192374121
192458415
192551087
192620209
192881383
193118121
193208389
193268917
193270779
193345211
19335357
193384667
193438227
193446607
193650433
193663581
193706737
193730873
193939693
194336621
194372595
194377277
194448053
194478503
194508673
194567497
194567615
194716505
194717137
194763139
195122631
19513283
195177923
195406037
195424253
195460703
19549007
195585653
195689929
195736291
195817353
195817993
195870259
195902039
196018113
196047901
196116995
196386511
196386523
196479593
19692403
196949957
196950217
197008449
197028015
197071869
197249281
197386181
197389057
197563171
197647813
197748431
197874725
197888083
197961379
198024787
198038311
198195647
198247191
198278471
198400747
198693741
198712907
198788167
1989410
198977415
199178383
199498795
199508079
199559705
199874369
200010831
200023031
200134523
200155587
200283091
200550659
200763637
200951485
2009559
201031443
201088453
201312485
201360357
201402453
201521557
201616293
201759455
201848247
201940453
202186099
202242
202332923
202368641
202432221
202921629
203027121
203106489
203108457
203460729
203467673
203512515
203553171
203881043
203883169
203947605
203969809
204059675
204082941
204090119
204163401
204199961
204212169
204318547
204516053
204544951
204553063
20460635
204740071
204873877
204924295
204933437
205091143
205173841
205213035
205239229
205331327
20549191
205626665
205697607
205828415
205828459
205987585
206086419
206210883
206494495
206505455
206586111
207016377
207018333
207039747
207405589
20743501
207437583
207724573
207775713
208097003
208097993
208139311
20829573
208536657
208537727
208581963
208817245
208829791
20886673
208878301
208909113
208939105
208974019
208974023
209074893
209116541
209145365
209202983
209297923
209343123
209588653
209758505
210031457
210151177
210188717
210211397
210223787
210315405
210414783
210428575
211175223
211208589
211219497
211258621
211308885
211666719
211676137
211699943
21170797
211883959
212104227
212177161
2121961
212263449
212320273
2124442
212499123
212585677
21280761
213213340
213225062
213370002
213645462
213705870
213729526
213741496
213778640
213815674
213999148
214152432
214167268
214311708
214658102
214702404
214746390
214928290
214989482
215193576
215239772
215254110
215417753
215528351
21554595
215671405
215744605
215893243
215983777
21603871
216366137
216434363
216552739
216800709
216819643
216939091
216944685
216959641
21696465
21697113
217107255
217463177
217463183
217559871
217587677
217608601
217852083
217873127
217886271
217899165
217998117
21824557
218254667
219089627
219155841
219266965
219437691
219446415
219544287
219559775
219742813
219864829
21994605
220001163
220274865
220312933
220652405
220733593
220893703
22099761
221137039
221266569
221353473
221480101
221508441
221551731
221555301
221581273
221581275
221615767
22175167
221823659
222006245
222022269
222022271
222075187
22210657
222111895
222232935
22225913
222260323
222293979
222756955
222782465
223062893
223065787
223086821
223148549
223160387
223176349
223187817
223226901
223267543
223360307
223411411
223565895
223692451
223982497
224003567
224036647
224192133
224251243
224251245
224298297
224343719
224369691
224384013
224446995
224455643
224533731
224595905
224625817
224658871
224709837
224727439
224755887
224928849
224936249
225036115
225084075
225097433
225352407
225729021
225732551
225895457
225913617
225940671
226043943
226243503
226515121
226632187
226662099
226887369
226908047
227030463
227070795
227223179
227336837
227421517
227438841
227494453
227671933
227833705
227851205
227874837
227898205
227923205
227954361
227960647
227977391
228111635
228169695
228233731
228263725
228285611
228314725
228314727
228331563
228372025
228627475
228635349
228711927
228797045
228894777
229298111
229393945
229672577
229784541
229899433
229908661
229967811
230030087
23011849
230284801
230343615
230389375
230658369
230689789
230763929
230769949
230776087
230881455
231101021
23120235
231276913
231462731
231499133
23155795
231743089
23220471
232380921
232423149
232423151
23242669
232444509
232481449
232489927
23256543
232852953
232866179
232903883
233039207
233285951
233286023
233327391
233355135
23372967
233802233
233802237
233888203
233906417
234062425
234067627
234093607
234184029
234318239
234321603
234433413
234477375
234500387
234555181
234748987
234807817
234988483
234988509
234988519
235013741
23504799
235229705
235493773
235688627
235760
235903587
236009617
236059737
236301491
236369821
236515135
236566061
236609525
236757593
237013681
237311317
237501803
237931977
238016289
23828359
238325455
238506487
238754171
238773267
238774255
239085623
239130389
239163605
239380729
239529265
23969409
23969429
239696951
239777521
239782737
239847953
240012517
240030863
240039259
240063665
240177389
240185761
240619869
240653055
24206726
242081429
242749487
242856799
242965279
243583611
243599185
243747959
243946579
244061667
244069053
244093867
244369263
244522079
244622329
244670027
244722991
244788455
244966853
245051619
245085797
245207431
245292083
245294569
245518635
245920155
245932657
246569933
246642033
246695361
246935131
247464193
247468313
247548187
247686729
247725167
247885807
248072019
248463699
248514191
248514213
248514217
248740221
248985619
249120631
249126951
249167093
249307163
249369417
249510109
249950823
250226655
250278059
250316975
250325947
250397989
25786763
26103211
26141215
26141219
26141693
26141697
26153885
26154771
26340339
2651123
26631001
26900691
26986541
27032409
27128499
2713648
271878
27324179
2785036
2785181
28554317
2890200
2901371
2980603
29937935
29947669
29954039
30013369
30331819
30338907
30646399
30808225
31140223
31160315
31172853
31240837
3133124
31509401
31547449
31894891
31897487
31949123
3200735
33057975
33414219
3364672
3385959
34017757
34017759
34017775
34021237
34071663
3416180
34358263
34372085
34413707
34508323
3460717
34756545
3497737
35001411
35624193
35898313
35958773
36164495
3641308
36576219
36794319
3698343
37121775
37143963
37272861
37522851
3784784
38015761
38465521
38614449
38698917
38726183
3873580
38913465
39112107
39233537
39454055
39543969
39586777
39696375
40007241
40060333
40134355
40251587
40408313
40833193
40847893
40872909
41105195
41109645
41204001
41451441
41791797
41964155
41965989
41994415
41999159
42056171
4208246
42086727
42481651
42715745
43160827
43189261
43248445
43291737
43377965
434056
43642857
43751441
43784371
43998595
44150297
44225137
44244059
44359439
44519681
45052585
45175405
45195309
45508163
45572983
45935457
46175455
46194921
46324167
4637157
46418077
46453809
46497313
46705243
46858251
46925725
47021651
47071955
47236329
47362197
47921361
47955555
47975015
47998137
48026551
48131087
48141415
48511359
48562791
48657443
48718409
48790607
49047595
49106251
49153313
49186917
49194723
49224011
49424199
49488205
49530737
49768357
4988206
50126703
50240977
50255693
50739721
50941021
51136363
51373721
51385619
51408097
51496279
51558663
51561203
51885381
5197946
51986627
52048797
52218727
52358021
5237334
52443153
5246864
52745203
52771745
528542
53067539
53134177
53184437
53443333
53462017
53495899
53752687
53891751
53900575
53912679
53946255
54011953
54035989
54115579
54223695
54422625
54422631
54725547
54725549
55074749
55259839
5539407
5539416
55494709
55563601
55808063
56048137
56147719
56164865
56164871
56188519
5640553
56449641
56549645
56676079
56727401
56868949
5692738
56953665
5706544
57125309
57213501
57325359
57513709
57639507
57676579
57835167
57961379
58024543
58606289
58740977
58831589
59236011
59296367
5931219
59344147
59348191
59395539
59401613
59649415
60435501
60472899
60710381
60729517
60729533
60730081
60868305
6112086
61176937
61202731
61404253
61405777
6144500
61464575
61507065
61512993
61593407
61640521
61684399
61729167
6187097
61939401
62364273
62462545
62862175
62951191
62983053
63031507
63265077
63495173
63552025
63741735
63820153
63906101
63957303
64306233
64548487
64770961
64787121
64809113
64881599
64881603
65007465
65091471
65091507
65181143
65200757
65396703
65772135
65846023
65954579
66150593
66370101
66400741
66412259
66649185
66803719
6683281
66910055
67020829
67030481
67156005
67238773
67256479
672633
67300643
67400459
67590451
67716215
67988161
68205727
68211719
68476891
68888117
69093767
69098287
69101249
69559617
69607267
69621617
69729495
70470473
70923981
70933453
71015499
71096921
7138577
71428675
71461521
71483191
71645573
71646133
71692071
71851893
71852029
71870749
71918237
72036367
72054665
72082449
72137185
72150041
72236667
72438023
72543425
72859519
72962151
73250059
73408279
73535261
73554021
73569069
73773777
73865019
74357011
7442343
74435723
74563709
74753013
74890435
74985639
75145609
75330305
75379453
7586951
75950993
76003271
76258935
76288025
76384253
76428519
76513105
76576871
76807079
77050607
77220361
77220385
77243833
77248747
77370093
77397581
77489
77493831
77507699
77587443
776377
77664031
77679821
77707579
77743755
77911621
77966771
77983123
78069083
78176201
78178933
78261199
78329469
78334087
78334551
78395627
78511971
7886421
79070445
79082477
79232245
79232249
79445059
79619471
79647923
7990027
80121549
80314185
80347717
80394747
80394751
80531051
80574459
81074469
81197611
81253545
81356201
81470261
81594377
81607617
81621167
81791205
81846651
81923739
81956651
82157435
82258517
82307991
82307993
82410995
82429047
82555699
82715557
82783751
82816981
82941987
82994873
83016429
83034383
83139453
83233785
83273985
83579659
83604781
83627727
842169
84348453
84402633
84414183
84580357
84767541
84768395
84793887
84991627
85138789
85154797
8515511
85203393
85210129
85227257
85352847
85509473
85513731
85514621
85588163
85617705
85706089
85760461
85816381
8600765
86039173
86076431
86082693
86097979
86136743
86248727
86248731
86415393
86415399
86415405
86418899
86473401
86556781
867123
86930485
87084797
87149737
87343215
87499753
87552017
87562419
87738881
87964683
88043745
88174379
88414361
88657775
8869495
88767763
88779947
89022155
89029325
89282381
89514877
89617177
8967873
897407
90390871
9040531
90423859
90426831
90531587
90625413
90661883
90662919
90721223
90894921
90941349
91544793
91640357
91846963
92127265
92156837
92428687
92707501
93170043
93203565
93241749
93602259
93741539
93743223
93760517
94300529
94336893
94379997
94442983
94602479
94744013
94756711
94803591
948062
95114307
95361139
95389015
95392259
95548893
95745129
95783283
95792065
95937677
95938751
95965197
96160753
96188141
96207969
96302535
96362473
96362483
96440985
96441009
96564209
96659993
96750489
96894767
97375873
97377785
97394797
97473663
97700131
97700135
97721251
97855515
97861827
98077789
98090371
98291979
98346445
98420485
9858443
98858027
98905357
98925027
98973649
99053937
99210851
99335275
99421619
99439239
99439397
99585327
99785273
99987297
