11715100
125073635
114311297
74985639
164634961
226515121
159683111
82410995
103061723
221353473
150269497
159433591
204544951
239380729
222232935
26631001
115262519
103323257
179256567
47998137
18843097
528542
159623589
11882268
84580357
111452809
207039747
209588653
182459605
188069915
58740977
202186099
60472899
205331327
215417753
125847449
77243833
83604781
160812295
197008449
203027121
111653601
108558725
156783915
61512993
171814409
100614979
245051619
127537903
145424415
173402839
77248747
216944685
169174203
14080571
183228907
100138633
57961379
185281125
187168157
74435723
95114307
122685035
194377277
82258517
12744928
210151177
68205727
21554595
175575799
203108457
186308411
110577571
99439239
127949839
38726183
3200735
52771745
153696677
163572035
118562565
229672577
161717637
220312933
148916923
77370093
192071873
150143059
207775713
23372967
57639507
245207431
71461521
74563709
153554417
196018113
99585327
201940453
221555301
2785036
79232245
227223179
247548187
41204001
248514217
198278471
63906101
102081875
147815845
145099165
46858251
191434467
167378883
186886715
5246864
66400741
68211719
238506487
136024281
206210883
63741735
83034383
102702001
140465731
78178933
77664031
177020813
186167823
219864829
150162931
97394797
114988049
246642033
38913465
125710973
7586951
190469569
158704569
204924295
1397032
223360307
179895437
151437191
189826773
24206726
66370101
3364672
161717651
59401613
13198149
249126951
237311317
149709855
242856799
222111895
156843113
81621167
205173841
162934615
178369941
39543969
61684399
183508701
195870259
222022271
178575271
61729167
221266569
164627409
107464447
201616293
113685229
103331837
89617177
99439397
63495173
31894891
144532495
79445059
37272861
93760517
225084075
117840295
144572453
100119363
172943873
3784784
113307595
108804521
78511971
104057285
84991627
3873580
177823203
204212169
116787595
84793887
101090959
17837716
148719575
92428687
34358263
86039173
194478503
78334087
195689929
156238257
129969435
118732355
20829573
92156837
1413032
2124442
123945369
109080673
133534257
96750489
187609815
104333481
249510109
60729533
61507065
111956453
74753013
164751875
100800789
191606439
108909411
195424253
14784011
3460717
94300529
80394747
150787205
143883375
234321603
217463177
203969809
192374121
132961459
23256543
245292083
203467673
193730873
12745264
107592021
161894099
81074469
224595905
152043135
71851893
102702011
244966853
66803719
46497313
231462731
194716505
215239772
54115579
65954579
228627475
77743755
211676137
197028015
26986541
131962449
102557607
6144500
156436661
82429047
49106251
34372085
67020829
137451561
153545673
155889851
126983211
198712907
41109645
11560107
25786763
172549967
198038311
245932657
49224011
897407
156181747
197874725
245085797
121885415
20460635
237013681
142708415
177088745
40007241
127513289
224936249
208139311
96207969
176824007
31547449
234477375
240653055
167232999
151042113
208909113
188144965
104250205
56868949
113397195
142652311
155972119
217587677
90390871
71918237
46925725
7138577
154724081
211175223
128603957
217559871
207018333
147967459
85760461
221137039
108521767
127164313
203460729
190852139
162232129
211219497
193663581
80314185
80531051
222260323
103500849
19549007
215193576
144906203
38614449
230763929
56164871
201521557
162554691
77911621
165092293
169435885
224928849
196386511
112334769
198024787
177241705
105620249
44150297
200951485
120376409
227438841
54725547
141027199
131549811
15816953
127101315
130804733
149814707
200550659
60435501
197748431
208829791
172111109
197389057
101994895
104509603
63957303
16881162
193208389
162417689
21994605
157435447
103779471
138825901
86473401
206505455
150176907
46175455
176047301
222006245
170299909
173487259
129562649
85617705
86415405
18541565
104390891
225913617
189561475
75145609
203881043
118167555
159363039
239163605
142036433
103996873
49194723
195902039
203947605
109579707
172270169
232866179
82157435
112224391
6187097
16194535
120027231
233906417
162643523
140859921
163823235
66412259
30808225
132443795
233285951
110577543
111295973
95783283
131522563
173028819
45508163
197563171
96188141
60710381
89514877
96441009
186841353
158541839
108741045
54422625
43160827
39454055
148272665
92127265
234555181
199559705
26141215
208974019
81594377
101642233
193706737
150932633
219559775
106448007
167072761
139418057
222075187
239130389
160295565
227954361
170138445
234988483
155879847
93241749
217463183
219089627
125416969
134152619
31949123
184154371
78176201
157743169
132516877
125091021
176875919
78069083
194763139
110844627
250397989
120630313
155893599
271878
180108321
152488769
180163595
107095147
19335357
236369821
131733177
183765061
65007465
172235329
45052585
87343215
138428569
82994873
215744605
51496279
243946579
196949957
51385619
155101139
198247191
157839967
224298297
83273985
227851205
196116995
167937999
146545667
77397581
168186973
11586788
136819721
232852953
99421619
225895457
239777521
115132585
191228679
158112965
192881383
57213501
201402453
204163401
176752979
159800433
86415399
51136363
227336837
44244059
126193343
16064251
80121549
142296943
229393945
165712609
202368641
110204731
201360357
173988543
197888083
178604961
156382041
123243233
105414635
66649185
212320273
152518851
86556781
86076431
82941987
131763065
184328311
106787519
46324167
73535261
143680429
224384013
167169237
119741467
211883959
200155587
672633
230658369
177529009
62951191
225729021
178565759
212263449
147071725
81923739
223226901
184439113
17842936
167235519
111631309
131761811
170515251
166814475
58831589
70470473
240063665
193345211
139353587
119404195
49488205
142501513
31172853
47921361
119923653
233039207
154751807
164964457
239847953
64306233
193939693
58606289
1613754
121405713
234184029
30013369
223267543
156886617
222022269
228797045
14056155
112222343
95389015
228894777
8869495
38465521
244722991
67156005
65181143
39696375
159661343
99210851
244093867
39586777
234318239
38015761
3698343
211699943
222293979
242965279
162902131
126935925
208581963
152736123
168970371
205697607
45175405
158999913
71692071
203553171
72036367
6112086
81956651
69559617
112955365
51558663
239529265
109008153
13122661
158311801
44359439
199508079
234807817
35898313
102103729
204873877
198195647
1989410
188779759
20886673
209202983
156207053
88414361
167969133
238325455
200134523
40134355
176822975
45572983
147962387
134347735
101880001
99987297
47955555
134051953
72082449
43642857
82307991
71428675
248514191
97473663
141405449
13407843
148566327
210031457
54011953
39112107
146238285
230343615
96440985
19513283
43998595
181899091
23504799
79082477
72962151
201848247
90423859
79232249
163239845
84402633
238773267
165622229
240012517
107995079
26154771
130918509
107240979
85210129
144028673
149783553
235903587
97721251
65091507
210211397
187989563
34021237
77966771
78334551
122983071
3385959
1632300
217998117
77493831
113074309
52443153
224036647
164288643
103393097
112622527
68476891
75330305
224658871
156961829
129583481
219437691
148967367
204553063
216959641
56727401
48790607
224192133
134981011
1098470
12889652
172425145
248514213
149356933
121648807
221480101
221581273
172520103
186997707
227874837
139206387
42715745
207405589
195177923
94803591
212585677
41965989
250226655
149414405
143561773
179708293
111088141
168429215
245294569
240177389
116855995
227030463
55494709
100511449
22099761
188008387
23969409
192049947
197961379
14697493
100564149
88779947
23120235
178715595
154193251
152002207
73554021
171440253
152590057
37143963
232380921
96564209
244061667
209297923
208536657
102085069
31140223
18843115
102702003
186721825
59296367
21824557
208939105
152515101
5539416
39233537
42056171
245518635
184457433
56953665
216552739
59649415
199498795
76576871
120537785
162276575
250325947
161159941
96302535
64770961
78395627
186600115
44225137
10714265
185632955
187169965
173790227
148317837
227923205
177799301
149511635
242081429
127354113
76428519
42086727
200763637
87552017
162357207
132926087
108311711
188786903
191327385
159297551
95392259
210414783
98090371
118736609
193438227
176547621
80394751
61202731
213705870
144601297
56676079
40060333
84348453
128586635
204933437
170520219
90661883
98905357
78329469
128684227
71852029
46194921
87499753
230284801
93743223
72150041
7886421
228111635
111965485
204318547
227671933
71645573
139264293
234067627
228635349
60868305
46705243
78261199
186897467
158007739
233802233
44519681
43784371
118070649
194567497
61176937
189072353
36794319
184406361
188140497
156888457
188665723
53946255
56549645
184406367
213213340
40833193
103524523
156787485
21280761
87964683
248463699
128248009
115969753
142006697
72054665
53134177
142644615
219446415
105927431
139199657
247725167
179504425
207016377
40408313
3416180
152747373
101256249
226662099
219742813
205626665
226632187
101774677
66150593
61405777
21603871
14050003
199178383
98291979
71015499
171807099
105632793
164504349
5197946
217899165
91544793
178662949
188262215
185017835
104109517
76258935
139222519
117407469
203512515
228711927
188305229
140534789
179467313
235013741
166562803
130697931
176355385
146845807
56188519
71646133
172079359
120403413
203883169
8515511
213729526
235229705
189918009
204090119
127725085
13457679
230689789
232423149
56449641
23011849
205213035
64809113
220001163
206494495
224709837
200023031
194448053
208097003
162681235
101134095
26153885
205987585
53752687
22210657
225732551
110303471
63265077
65846023
142820657
238016289
140207239
57125309
67256479
12640940
151637101
77707579
67238773
82715557
209343123
187519209
62462545
187125513
95938751
776377
201312485
115788863
106521063
