322583407
109865693
215078434
907960721
948932178
739578249
540160185
421478533
991075107
355558482
723607462
573846079
689237352
31130150
618155022
648679986
588503196
889085632
634963381
943535520
424271143
338694270
255113979
863510537
450628343
65898699
376202444
469282307
660323710
309678899
997522752
88851689
95413917
965597745
442756342
964622093
625426787
949261371
944986721
779228478
795048308
61545482
67317686
589254973
628079218
128656245
542030607
264457192
458165835
862236710
530352789
454030675
303081599
882123981
65937167
914219333
945172213
556518808
562953923
366647435
758092926
245724091
508821889
763226828
206081749
6348244
110547945
366549266
405144309
277425310
934936308
953730990
828395946
235728003
536291023
919939006
732955060
39978136
444585557
658116312
756056758
624301397
353042758
415187365
114059165
43468109
862616176
967743350
423895287
659935739
807916835
944214959
778558351
622428551
421209407
439118472
263643954
887409463
554665762
683716161
898753613
685358983
380963330
474642911
178952357
376933769
23197298
997040607
238070737
245839430
897568536
479165233
212587086
634473336
204471182
512795671
388486768
51587825
674836320
929590049
347189074
341721150
438325748
611583011
264890967
837350864
993318133
299367783
318862223
430400955
537837683
966973145
381551428
520593933
50627425
307331102
184425055
599829011
783743139
219524480
622144286
897119509
397479763
385294651
34081042
385489895
169416385
308591053
836001696
703254263
966517027
252705387
408115685
904194626
747509053
933297360
67983918
678271157
570680729
366198578
217113880
180961797
456836465
932401008
673304248
431777465
265871898
899348307
739799038
20176324
182665743
238790370
901210977
571187999
428037539
174170157
427135242
980777200
276964385
404261942
51660068
740064864
793297748
75474041
612455869
185613574
355714681
903774860
862523623
948367627
751595045
672741831
26795375
720127306
752914582
318034392
97473702
963910471
762789932
468663805
799867053
925011904
150911612
196451231
633487790
917158091
690466665
455953665
930431962
788430780
578714344
695799532
81743977
438692624
246481045
241813558
818340649
212536775
914794025
756409701
429467464
249477155
269287610
75025618
854099487
579645834
652164336
579503167
68395696
184157131
883867750
484544378
10922720
969743078
650070399
643205604
791357468
980585093
783686769
298525165
271907284
475521435
163095367
275585186
311183045
445694656
563088282
817610170
938074390
886607519
134807737
681633840
387489575
583588632
517323143
792417684
178338594
825841692
929544067
361887977
868938040
476110110
597826578
452390379
939804523
687262012
638895507
623629360
62132777
448216960
461654235
884933593
831099990
78125327
289563669
659518634
612423595
921922336
515164755
170272424
204225442
456137389
344840185
731946884
653094319
708473745
321632189
504559662
449711944
322988147
396789756
972736690
742967958
157371067
561780320
53811429
959437541
384035065
956391442
727859977
497841530
798383686
974368218
355651382
742516934
127481031
802641395
857955364
200520871
4106294
595053713
998730868
98358458
105805337
359198110
147520936
375778174
392955612
537392142
699449269
469655607
958622627
365317539
686054915
707993500
812909465
373278655
197940411
317796761
847697853
946714712
936719640
949623571
373129633
355042105
411493688
807496373
824239946
839100887
987223427
952301408
28305920
422910020
864080407
500468739
321976676
353634347
720700952
253851904
569113493
290626684
51448674
493357007
236527913
300123897
175572902
415550179
676710796
305679588
958455952
867689267
70295965
975325068
911034431
262950620
10776780
302859877
41307477
855806753
828693016
509949459
157141718
667813451
693330351
881998197
513310047
936245061
750963535
108952811
309860915
588839056
770475287
958320288
275184687
617238677
358846629
618735045
524162455
638923993
183462376
157738797
729100485
762604432
116421295
178264927
666275902
142939031
921026232
964211956
910626282
251085745
388348338
29866543
223517933
298868943
30949285
247559531
520764090
363251547
928501505
456338315
752313794
161523933
455171081
740166127
675104106
497192843
581235144
86747589
230797331
823981652
865318734
82022323
366484191
238735901
339821464
593960838
952898723
475572794
475141895
55499101
173580853
869094305
741034212
7837071
385932076
451695258
885273733
650570429
933800141
977082581
687010315
439826968
295396706
25494016
732270771
90182683
355832123
487442246
417176176
26184499
637649869
270468597
823421389
783263504
233816486
809302708
883741602
818938846
431430299
374348980
728271457
177315313
223513402
424413044
720653787
360756727
716746805
775850948
500559596
594525768
962247381
990612772
560537310
802967496
246775504
602790155
428959113
379872252
49494746
48044400
37298846
127873079
137880835
137029162
686304189
557215199
891240248
598819873
627845159
522518206
162090519
589225556
773036492
153248650
656824325
377242118
890989899
728008803
147057799
